0.017609947109375	0.019611788032304064
0.014875325232875838	0.019474157373134703
0.010401789056379767	0.01906582548426027
0.007668175361359155	0.018580495702011028
0.0061248393702824115	0.018016339085082426
0.005156642233015166	0.017387834615955815
0.004495383008485491	0.01674003193107257
0.004025131416280545	0.01611704754466859
0.003682540273844041	0.01554025104374559
0.0034228714840936537	0.015018849811260015
0.00321846541836057	0.014556687152948585
0.003052746251123306	0.014150752875242683
0.002914992265187405	0.013791646287065114
0.0028000632116846925	0.013468017178711563
0.0027056692636143946	0.013171857572691145
0.002627648760955002	0.01290134032853177
0.002560858145809484	0.012657517900127495
0.002501024515542855	0.012438141072028785
0.002446488344844848	0.012240449105217084
0.002398278190285035	0.012062022385104607
0.002357240516400699	0.011900656434453424
0.002321950650138877	0.011754571921551894
0.0022888930166218733	0.01162162423177985
0.00225664635865168	0.011499132740013155
0.0022267970613845814	0.011384861141773204
0.0022000358313552233	0.011278985697262737
0.0021767720737810507	0.011180597300074046
0.002156918749334061	0.011086600398860271
0.002139036016834493	0.010996200590170193
0.0021229425075982022	0.010911305493912133
0.002107540833154198	0.0108297671617832
0.0020905915497218567	0.010750222406898253
0.002072718134720322	0.010676223612415933
0.0020562606816884356	0.010607238648332441
0.0020414368854690386	0.010541396029637965
0.002027871189146301	0.010480149762862628
0.0020165819503254107	0.010423381304624165
0.002007508065379887	0.010367856423541722
0.00199931390902842	0.010312820798282114
0.001991007101771222	0.010260497134060511
0.001981452793649532	0.010210442181648018
0.0019696232926186925	0.010162144154907035
0.001956530582297565	0.0101166735802503
0.001944279379963162	0.010072957436269467
0.001933086848686348	0.010031369482334133
0.001922298695605586	0.009991313259581268
0.0019127532469699652	0.009952259128731078
0.0019044597490380584	0.009913893447876554
0.0018969464891668104	0.00987534063436066
0.0018903940300480748	0.009837564598257105
0.001883728621693781	0.009801589034447215
0.0018761979030312449	0.009768675785432779
0.0018686688804287618	0.009737322311277136
0.0018621824212808704	0.009707975225594202
0.0018578216712935144	0.009679736672762859
0.0018555538436601591	0.009651125807836525
0.0018526829788741222	0.00962234559912304
0.0018479338482735924	0.009592159691520328
0.0018430559443625596	0.009562043322746572
0.0018383105828807726	0.009533767892466249
0.001833201922574871	0.009509751733536768
0.0018282333385268264	0.009488366131789112
0.0018226134060172004	0.009466867902335785
0.0018157899830530684	0.00944550005207628
0.0018091523251682594	0.009424597848976729
0.0018045714491305596	0.009403808732307235
0.001801417144728894	0.009382230611634755
0.0017973617487237702	0.009361915175995097
0.0017920870208057293	0.009344574244829741
0.00178750229677755	0.00932879945760789
0.001784755219218074	0.009312029737424277
0.0017830365154664078	0.00929330068116877
0.0017818208566648516	0.00927466603526158
0.0017805030016531727	0.009256938507530933
0.0017779083137994883	0.009240958842500657
0.001774544726721682	0.009225997146144131
0.0017724714620898118	0.00920953760124626
0.001772111034291673	0.009190957767522663
0.0017716396313575708	0.009172793832630456
0.0017699939960149089	0.009157374289365503
0.0017676030106729326	0.00914278415017762
0.001765069385578484	0.009127257024043543
0.0017624972834949858	0.009110195090046822
0.0017604879241041249	0.009092189619913722
0.0017598361637801926	0.009073388957643603
0.0017591751296724572	0.00905588705788976
0.0017573493939836693	0.009040926444594016
0.0017553217808156053	0.009026896805685651
0.0017536292554922778	0.009015447809901586
0.00175214530850098	0.009006303836587536
0.0017499981467421148	0.008998052353999763
0.0017460192288193106	0.008991679861111497
0.0017413957725773567	0.0089864664105058
0.001737094743590953	0.00898134337992482
0.0017328162864546277	0.008976281747179939
0.0017290429415282023	0.008971534430640651
0.00172567050617571	0.008968686247177171
0.0017223093962107142	0.008967106486977475
0.0017192227523996845	0.008965031711030119
0.0017166312702755597	0.008961657937208994
0.0017145829418042879	0.008956710950482063
0.0017133339200298284	0.008950962198748297
0.001712765401169876	0.008944356330761157
0.0017118703066425491	0.008936665013383251
0.0017103138636043419	0.008928166057509688
0.0017094792307897153	0.008921142219912501
0.001709057405401359	0.008917274722515668
0.001708267303116173	0.00891539309808331
0.001708056667271039	0.00891367762882372
0.0017076689996135548	0.008911377920706303
0.00170766418231504	0.008906921914395113
0.001709350101987053	0.008901073864046646
0.0017115453333022088	0.008895828487721337
0.0017129003864776084	0.008890129292857247
0.0017122370987343052	0.008883343676778418
0.0017095195582014818	0.00887553972126953
0.0017056003601838518	0.008867208484272074
0.0017016807491191332	0.008860613556076306
0.0016989939838021235	0.008855468049894552
0.0016972239153442209	0.008852011130172806
0.0016945613487717934	0.008851619221662096
0.0016908623109668493	0.008853094183276539
0.0016877874127699257	0.008855237005661556
0.0016851634179903684	0.008856047188854455
0.001682290966748747	0.008855580788578232
0.0016803761371402541	0.008855192692911979
0.0016802219750200016	0.008853603220321159
0.0016811128615165515	0.008850915983715214
0.0016823671398707141	0.008847770007821231
0.0016845276438273123	0.008843847871343674
0.0016874328017273225	0.008840199069904423
0.0016887191132860181	0.008837739729846408
0.0016878282069561162	0.008834458315778854
0.0016866797789421967	0.008830185630689399
0.001686534009720069	0.008826481439061956
0.0016868458942021687	0.008824454158352993
0.0016867990571937219	0.008823086083834137
0.0016868851134899448	0.008821949943970986
0.001686425597862497	0.0088208544918702
0.0016853083396119947	0.00881944409396762
0.001685152371556547	0.008818036690697218
0.0016850956559132195	0.00881636532387708
0.0016831209517378606	0.008813765040591818
0.0016806728821855035	0.008811146874834029
0.0016797222198246934	0.00880879226498163
0.001678848481605047	0.00880585050408434
0.0016769358068785152	0.008801449549683631
0.001675601713700377	0.008795989919845218
0.00167589206919682	0.008789674181145752
0.0016763341147996637	0.008782846224764237
0.001675539249832606	0.008777186767892312
0.0016737311828790907	0.00877139026070309
0.001671586068191028	0.008764514217163878
0.0016697506243373273	0.008758002933203236
0.001668386531277797	0.008751773703833381
0.001666547983034589	0.008747010714557359
0.001663722497841633	0.008743313649637603
0.0016611316452652802	0.008739216763412105
0.001660057227992123	0.008734661791244281
0.0016598310156608442	0.008728746056425048
0.0016583370699408849	0.008722016828396514
0.0016557851927196594	0.008716710596931234
0.001654083073339259	0.008712671015618168
0.001653799744425315	0.008708508732128943
0.0016546752582388678	0.008704299421973535
0.001655861382292028	0.008699687136544102
0.0016565835290672198	0.0086947983491006
0.0016562285208473703	0.00869123133847848
0.0016550544914549574	0.008687456918085727
0.0016540959760414104	0.008682562514073736
0.001652308071651049	0.008677530401501904
0.0016489008377616175	0.008672207662145413
0.0016458328203638947	0.008667436394222778
0.0016441632109283901	0.00866530251286074
0.001642700184604925	0.008667014935027736
0.0016406296432051205	0.008671066817343925
0.001638949506715583	0.008676462476226061
0.0016383513843099178	0.008682952613715957
0.0016380733478496585	0.008687504611371974
0.0016374010728161183	0.008689456358417919
0.0016362333226615246	0.00868937347173472
0.0016347722522163208	0.008688235066197215
0.0016328094284593438	0.008688833598275167
0.0016300038238071365	0.00869011497578214
0.0016271090260895882	0.0086893271941395
0.0016250406246343285	0.008686400893239394
0.0016231465971873278	0.008681832629730716
0.0016205113779316218	0.008675680422624833
0.001618356310797127	0.008666707038144298
0.0016180326446935068	0.00865726156500741
0.0016189022464421752	0.00864951542662667
0.0016196547677993212	0.008641024184984891
0.0016190297405946651	0.008630780625975241
0.001616855501216119	0.008618448623151172
0.0016153416544689217	0.008606319587841223
0.0016155608129662723	0.008596038070344873
0.0016156979743936083	0.008585519294589979
0.0016153841228405466	0.008575865107548004
0.00161514164366106	0.00856787725155245
0.0016144732927485766	0.00855874759504544
0.0016132710321630044	0.008549943990925464
0.0016117448012384654	0.008543558203862964
0.0016105212111891616	0.008539091487096188
0.0016095982518618808	0.008536750446638314
0.0016084666758678437	0.00853550045901391
0.0016075611162876926	0.008533680260310136
0.0016076611444184523	0.008530608877788315
0.0016090269673595071	0.008525841012128428
0.0016101666450969608	0.008520404056205114
0.0016096494346473764	0.008516769741079473
0.0016079016308219762	0.008515083460037114
0.0016061527993647127	0.008512878224570619
0.0016051600395207716	0.008509060152627932
0.001604935544721561	0.008503770293375817
0.0016054233788126235	0.008499250529915289
0.001605735619271564	0.008497512056565877
0.001604908488798216	0.008497111317541474
0.0016030153835399023	0.008496099060011858
0.001601693175457426	0.008493003445593917
0.0016027593315984091	0.008487156759412818
0.001605144333271006	0.008479580764999458
0.0016078023681259108	0.008469522912846372
0.0016107419537050116	0.00845805105562127
0.001612184646073762	0.00844681205523612
0.0016117666996055342	0.008435868344877407
0.0016106219375879591	0.00842427510341316
0.0016091870367505815	0.00841211529173213
0.001607946537023648	0.008402877543749087
0.001607234562934244	0.008395336191798504
0.0016074492278051991	0.008386123634011236
0.0016082312188047145	0.00837715172595579
0.0016083052669835863	0.008369852222332528
0.0016071758977864563	0.008364122129281976
0.0016055368213144568	0.008359901606089319
0.0016047823092891354	0.008355312873417555
0.0016055890570156543	0.008348251121144522
0.0016060297641078466	0.008339293324002277
0.0016041011026851559	0.008331324881226761
0.0016009834698588034	0.008325775885544376
0.0015990602514614305	0.008321380656119582
0.0015991400858364059	0.008317285117366372
0.0016007207433154497	0.008311968276371772
0.0016026416747101117	0.008305023267513598
0.0016037366548955544	0.008298380050676357
0.0016030349363513785	0.008292255609932788
0.0016006030506203212	0.008284118686492222
0.001598209580940354	0.008274305855174698
0.0015972975296601767	0.008264974355974605
0.0015974925989927075	0.008256979041421164
0.0015978986211399645	0.008250153460421713
