0.012674915941455697	0.013922941343672019
0.009728572043747172	0.01397021471697287
0.005736567018938277	0.013934976990687204
0.004033742962010871	0.013856763168433442
0.003199280676185494	0.013751759806124532
0.0026954969891906464	0.013656038220413962
0.0023674181267356233	0.013555312622060717
0.0021444103567144486	0.013429920073040506
0.0019717355181412687	0.013305801474157688
0.0018312233247592654	0.013199380508146017
0.0017232974708066852	0.013119882676976195
0.0016381638538061328	0.013058253078162614
0.0015683966084194727	0.013012417563970228
0.0015122826880452171	0.01297836584924082
0.001461800863340112	0.012939890197670938
0.0014129111179060339	0.012900241271664252
0.0013703817944840419	0.012863023905792512
0.001336863639615741	0.012805117986888407
0.001309740028663926	0.012736125382514452
0.0012926521969088755	0.01268104768280596
0.0012811460830735796	0.012634198105252717
0.0012641482555399717	0.01257798926673772
0.0012442028869331238	0.01252184456337203
0.0012305101920728097	0.012454835803535498
0.001211617287929366	0.012380367730571211
0.001198163019544602	0.01231436073705165
0.0011959511894750563	0.01225403436579131
0.0011793249501128365	0.012195707892437362
0.0011536507341681685	0.01213002536598442
0.0011408588017256924	0.01206140058830215
0.0011359124643350576	0.011982616124610755
0.0011332471456237069	0.011906694254190532
0.0011282220407472497	0.011849304154684883
0.001119781078810624	0.011790568218300665
0.0011147915045030881	0.011727798173044273
0.001108415650003928	0.011678962465748564
0.0010970365807352151	0.011638310606029037
0.0010861148522195929	0.011597375436934614
0.0010807320039372544	0.011553516225573407
0.0010804837313036317	0.011511924349555029
0.0010763671538432	0.011477099722076221
0.0010680150690382914	0.011449071766538541
0.0010628298002760713	0.011421974818249456
0.0010539039987071262	0.011385897208605226
0.0010372936181817034	0.011342022464327986
0.001018524004207464	0.011291728637947314
0.0009967575907348719	0.011239223846320446
0.0009836704852527012	0.011177231972775517
0.0009784188680528848	0.011115293220736034
0.0009658582925180854	0.011062829720874834
0.0009555845676370389	0.01101043977425068
0.0009591165220776821	0.010955437577257858
0.0009628177907906515	0.010904630332268034
0.0009566752591294118	0.010858310360388639
0.000947256787441283	0.010819682509910939
0.0009425549763837707	0.010794209448811473
0.000934807134770265	0.01077097323001637
0.0009234207756963279	0.010751507810720122
0.0009203793330796505	0.010735798033666958
0.0009153028069672747	0.010706911615459818
0.0009044763805546043	0.010662672805628232
0.0009005255139060273	0.010626595383606675
0.0009014619186255759	0.010588111707057424
0.0008931946214941627	0.010552380328721186
0.0008836599019023254	0.010516840135606638
0.0008878013615367188	0.010470774259514481
0.0009040947115851804	0.010421240464199951
0.000917794945504886	0.01036800661965536
0.0009210510290306731	0.010303655688979707
0.0009175770680201012	0.010250901660891962
0.0009136723509252187	0.010213638144010556
0.0009122740778239324	0.01017040410740874
0.0009119285238139333	0.010117400808563598
0.0009082120892093639	0.010056340298200617
0.0009081671512293866	0.009992681519354374
0.0009038858895185124	0.009938120256644726
0.0008821247392902024	0.009901741368002964
0.0008516924598030491	0.009871557587323205
0.0008269881269133451	0.009843760835988936
0.0008145275449621895	0.009823312766055931
0.0008183033287537244	0.009816758081368249
0.000831038564443437	0.00980106306539463
0.0008373189179012297	0.009771047441967624
0.0008416781515266931	0.009746886038647101
0.0008502083761344481	0.009731023443641247
0.0008547857465460322	0.009714620590826267
0.0008502058884348961	0.009698940276298067
0.0008388850421921137	0.009697296658746203
0.0008353008270377663	0.009704044386055426
0.0008461413221009176	0.009709255264879785
0.0008632456446145743	0.009694253491862285
0.0008759672748933282	0.009650270557365089
0.0008779943428369971	0.009592661576296124
0.0008773974180496504	0.009545774595352507
0.0008773489525119117	0.009516915045893876
0.0008790765517103242	0.009482091437538415
0.0008776113717589486	0.009440207672003592
0.000873530531117074	0.009401165407264519
0.0008757356532089787	0.009354603519161241
0.0008750669600662602	0.009290909838570081
0.000866878611755209	0.009231469802145962
0.000865830407047565	0.00919095695499772
0.0008677769123463523	0.009160381191947304
0.000855796745716831	0.009136613556035695
0.0008420474110809469	0.009117963622819875
0.0008381472105225535	0.009082761930615395
0.0008389339874927143	0.009043747075642936
0.000836850649608864	0.009016336883595356
0.000822051436874885	0.009006890844062814
0.0008040513998583838	0.008990946169508277
0.0007974850640687146	0.00895104584391329
0.0007955935838894101	0.00890514365011341
0.0007890002804787822	0.00886063324111984
0.0007833425225603051	0.00882634819204314
0.0007844684650563288	0.00879689625750786
0.0007908732948621539	0.008765588110650643
0.0008021290220220943	0.008740373245828546
0.0008107036740870831	0.008709636750411762
0.0008139582876714194	0.008687970801437074
0.000820617250676612	0.008675719215127517
0.0008285206944155908	0.008650456691239415
0.0008297820875154021	0.008616959650074757
0.0008172617097886919	0.008586109807731494
0.0008030266132060597	0.008557647782419603
0.0008041274856114281	0.008526771250933441
0.0008043961888903888	0.00849755905805003
0.0007900285302234489	0.00847043790450021
0.0007766905695737988	0.008447097443380293
0.0007790062402614894	0.008441670894409305
0.0007896003878733326	0.00842966041805157
0.0007877680299050344	0.008404938067684166
0.000772122955595992	0.008379331658863442
0.0007618741184238709	0.008353412743374247
0.0007667852039763454	0.00833381273146645
0.0007716871647425494	0.00831852941374381
0.0007682887388539496	0.00830693688503128
0.0007621110361951753	0.008302410957661911
0.0007570789143728703	0.00828961150653993
0.0007629198239257595	0.00828556653163038
0.0007769040610057585	0.008302428362837986
0.0007861362589039792	0.008323418406326968
0.0007841540094881978	0.008346404012662604
0.0007787980322687609	0.008380033833964387
0.0007749845069780778	0.008413973382330318
0.0007712763314476905	0.008448575554641633
0.0007735946995091099	0.00848725873301525
0.0007773691205616266	0.008521111931574728
0.0007723860605782453	0.008549085158193479
0.0007620224430919248	0.008563901855962825
0.0007551811658437575	0.008560630125342554
0.0007456713095037892	0.008549663746919412
0.000731542822149561	0.00854026819024487
0.0007325713280213757	0.008535743180645436
0.0007437203455353987	0.008542319582625305
0.0007479629950602229	0.008553817789357682
0.0007479461251102547	0.008573790784502091
0.0007390098200044951	0.008597230935792543
0.0007289329185359142	0.008618716367164462
0.0007371718883935011	0.008626909102337705
0.0007515094305381035	0.008626528497687523
0.0007564062150136435	0.008622211038608607
0.0007505029825745299	0.008627012022115601
0.0007433801917194927	0.008631447522708577
0.0007435289645639298	0.008632855764838014
0.0007447816941659611	0.008633025858280415
0.0007388172073707714	0.008620076955591879
0.0007321421346749871	0.008589254068930553
0.0007337300948591537	0.00854898933518909
0.0007394647717346215	0.008495785942515405
0.0007441973796025467	0.008451781166145561
0.000743470770621422	0.00842005503974767
0.0007389833345179723	0.008398070348051494
0.0007390922808288782	0.008383829213479018
0.0007402202883518054	0.008385094944399806
0.0007400801908912799	0.008391773882391316
0.0007354028820098963	0.008395479208526095
0.0007331792886450893	0.008401756105576792
0.00074158896154947	0.00841071769428802
0.0007431136868633262	0.008417340453317641
0.0007336021046761582	0.008414411351906627
0.0007290886404090978	0.008410530112791127
0.0007376371452521418	0.008414972014374737
0.0007490099621463138	0.008414180780024209
0.0007470350034899166	0.00841164532225205
0.0007353976866164106	0.008414009010627522
0.0007350612579510803	0.00842783294025729
0.0007394555467851533	0.00844434644774773
0.0007343556519980439	0.008470364669016813
0.000735079136745255	0.008501282092299098
0.0007439961662949186	0.008529552084067568
0.0007544853325281436	0.008562099973485233
0.0007653646163591759	0.008582299329353919
0.000770964984109139	0.008580053069903719
0.0007693988302445958	0.008582436803909863
0.0007637433769919642	0.008583567214533062
0.0007627405835327615	0.00857763232340352
0.0007638513149173878	0.008566715879397481
0.0007599987185893491	0.00854900398529517
0.0007541926130214829	0.008531732760293809
0.0007520652464743997	0.008528868017512299
0.0007523154819929171	0.008546915180901064
0.0007539837861703392	0.008572720244837668
0.0007540435678398372	0.008599027501447512
0.0007575897468609257	0.008631582935253668
0.0007660609876681655	0.008655789159348962
0.0007677513155969515	0.008680643827145536
0.0007715244695867398	0.008716537317814077
0.000779820457770657	0.008748250643100884
0.0007832003370741979	0.008762048889514257
0.0007805882680067995	0.008758461842836221
0.0007759590335650941	0.008776112669345358
0.0007779193106682892	0.00880400344868457
0.0007793800543415289	0.008819909680272691
0.0007701703900326205	0.008835472147991241
0.0007586675831480839	0.00883922285059219
0.000753795201005191	0.008853606178343415
0.0007498285116365053	0.008882136839575196
0.0007449391956808921	0.008897766010983816
0.0007399973195275275	0.008904540852215675
0.0007322721848544654	0.008910056230037744
0.0007281617967268033	0.00890616596515237
0.0007326857982129369	0.008885475503811146
0.0007436048267539798	0.008858043083429527
0.0007598134761135039	0.008833326205961717
0.0007715066769939739	0.008795783002369302
0.0007797491580970113	0.008751234489784663
0.0007953225720635708	0.008707366979703693
0.000804675880338201	0.008666853561819711
0.0007932449116111987	0.008629413272322799
0.0007778021080526139	0.008603729994360536
0.0007771008414441428	0.008595998568093394
0.0007790194139395594	0.008596110432102321
0.0007773444000229739	0.008605715595555934
0.0007832183300192502	0.008638818336834463
0.0007876816664372389	0.008679971842094016
0.0007857776177291104	0.008714215967148749
0.0007852874169823511	0.00874990114867972
0.0007828088891494007	0.008781693327022264
0.0007765760099119645	0.008805953502870504
0.0007780015261221938	0.008841514096636886
0.0007862724512152613	0.008870706872171553
0.0007974585156752467	0.008885292334988056
0.0008042680422020266	0.008904123453180087
0.0007926077879568291	0.008913858715285928
0.0007749453896767337	0.008920472456977658
0.0007646585523862682	0.008933069027045184
0.0007599400034087041	0.008938003245216772
0.000758962930872854	0.008939226472326482
0.000754522499604343	0.008947548657250394
0.0007518261372100371	0.008951679226427058
0.0007603400437766338	0.008959535251093012
0.0007699430907179134	0.008968197648636978
0.0007783083887858828	0.008961529232253913
0.0007950602022022758	0.00895264613553441
0.000809780583273342	0.008950483896090563
0.0008166843524582472	0.00895053111796023
0.0008291680361797875	0.008948637332622442
0.0008364835056962945	0.00895918621351769
0.0008321675597590616	0.008983928473719234
0.0008236173932837695	0.00900452046585928
0.0008107261326632771	0.009024797046557079
0.0008076530455118504	0.0090473704592279
0.0008106864339698863	0.009076954657834936
0.0008020802696383549	0.009086603734569366
0.0007933256114344954	0.009076424998079672
0.0007860940418038475	0.0090577370718159
0.0007782935047754157	0.009033702515977763
0.0007876959809865303	0.009018310618638215
0.0007995800189177072	0.00900538470138181
0.0007968986164824295	0.009005754066556019
0.0007910430361316478	0.009016962936517733
0.0007930646465538708	0.009025637795653055
0.0008040439389436168	0.009019658010857953
0.000809541528204102	0.009009150455522308
0.0008115222871411561	0.009002369101784704
0.0008193130540496359	0.008982762343532668
0.0008243056429501413	0.008959819144005047
0.0008185801300867081	0.008935547195597433
0.0008030102947348091	0.00891231343698491
0.0007945103540251411	0.008885197101653695
0.0008069003297042406	0.008853040376494594
0.000821078064788484	0.00883509605606814
0.0008246733937182739	0.008827748998325243
0.0008269872370110674	0.008819061246673608
0.000835259275602051	0.008816973457219438
0.0008369975238366718	0.008816033177220076
0.0008293358814502811	0.008817968882239697
0.0008238996654518763	0.008818718335831798
0.000814909230278185	0.008818376874552915
0.0008066555528350625	0.00880863432500768
0.0008032905944733434	0.008793755146528717
0.0008029997808289937	0.008782162361461421
0.000806033728673144	0.008761294473634076
0.0008129793844348772	0.008737147724337292
0.0008207907438870972	0.008724704411633843
0.00082733409993941	0.008711031964898967
0.0008295728049336303	0.008702799655964
0.00082645670133342	0.008707021420260927
0.0008244444570160573	0.008706204883328591
0.0008220826549525924	0.008721002787979196
0.0008123979653998292	0.008742413754993753
0.0008026175480904207	0.008749989838346194
0.0008033228026876061	0.008759271885334445
0.000808923958422344	0.008764282971088805
0.0008136285550798584	0.008765748904173708
0.0008085677716408488	0.00876084481880419
0.0007904952939789614	0.008739453891280417
0.0007816997415603048	0.008721106399993378
0.0007776498851635603	0.00869698811743019
0.0007697050200340187	0.008662353174340701
0.0007778587844409586	0.008644562651672058
0.0007924763657837738	0.00863198604246015
0.0007996182955455544	0.008616162362783753
0.0008063175947009794	0.008598273255185663
0.0008087012059040188	0.00859615308930684
0.0008025997007089339	0.008599246148292043
0.0007948180171311745	0.008592836867642731
0.0007925641661663692	0.008562330097424669
0.0007963981563710796	0.008523673803768544
0.000799271544087553	0.008489750168647678
0.0008030389200274579	0.008454082670107669
0.0008125748735956797	0.008411691286277343
0.0008187565311302715	0.008369585451501887
0.000809399875653226	0.008332778933366898
0.0007983699280648974	0.00832064006436455
0.0007953408920060774	0.008327804189588495
0.0007892077638141295	0.008316355524557725
0.0007870526944150866	0.008297393865823982
0.0007902830158411213	0.008277899455214415
0.0007872143129356851	0.008252424074553573
0.0007823071698410494	0.008219515083124589
0.0007765816783036806	0.008186955373395503
0.0007683213399042832	0.008153662472387043
0.0007718372132136919	0.008122685017722096
0.000781351184563309	0.008110887621557506
0.0007772750783525347	0.008100370930190061
0.0007663803857540987	0.008079357760732325
0.0007614436558800438	0.008068053645499722
0.0007638284618651248	0.008061283442119654
0.0007675728454374738	0.008058719049553865
0.0007630480151764789	0.00805490149903474
0.0007509103731528182	0.00806643594538576
0.0007381483645202855	0.008090560368786177
0.000729103213488486	0.00809410030321302
0.0007306773894454958	0.00809458116195828
0.000738745005880928	0.008105121959937869
0.0007427575981420314	0.008113982475546958
0.0007471631084426029	0.008121621188356241
0.0007560498264226197	0.008123345288088548
0.0007545955504284054	0.008116251548096738
0.0007413525489706425	0.008088510227746825
0.0007407002778044664	0.008052947278621369
0.0007530621621651851	0.008034358865761065
0.0007562506659545004	0.008023943658538802
0.0007549071251763451	0.008005044402684567
0.0007582554667694068	0.007993982397378602
0.0007675915109301674	0.007997464838711384
0.000773302293924991	0.008015790656772135
0.0007717320739584643	0.008039866124581421
0.0007673398773354851	0.008044301844334294
0.0007585652315682628	0.00803616386201818
0.0007548440885546328	0.00802342213766003
0.0007608950673275712	0.00799994797523743
0.0007669126886691674	0.007983633656930724
0.0007724861469546897	0.007980319673524677
0.0007775525451703643	0.00796645097506094
0.0007733030930701216	0.007947825240217596
0.0007639091933225529	0.007936007033558666
0.0007553075684495967	0.007925697697169038
0.000753945541759157	0.007917745413179687
0.0007649555911551975	0.007905586016305349
0.0007771617713512565	0.007901764063249345
0.000783410204438995	0.007910161318271493
0.0007822807011131041	0.007908787843231556
0.0007738516647394063	0.007921346237682082
0.0007711881145511836	0.007943254046229467
0.000772228388274391	0.007956191384690793
0.0007691791196159176	0.007964797852409042
0.0007663422995051969	0.007983921996734259
0.0007626651378592072	0.008000762240671706
0.0007563425497157248	0.008005818054212084
0.0007541255658754578	0.008021941697588334
0.0007533821677464064	0.008047475939804823
0.0007492888457685542	0.008068114788567098
0.0007462865396725322	0.008090774271104322
0.0007407493391604716	0.008121632637609287
0.0007383694308608584	0.008150630263001927
0.0007428492663151366	0.008173945388269961
0.0007513959825944383	0.008186903038043288
0.0007540642982932224	0.008193399267721843
0.0007406158766675047	0.00819908018784124
0.0007239696279826527	0.008205238844166258
0.0007179531837851505	0.008198572340815313
0.0007266739056221432	0.008189917163124708
0.0007443551893641193	0.00818580004952403
0.0007557674129694805	0.008175670900621441
0.0007527320636542969	0.008167932964279704
0.0007489436231797608	0.008159101428203681
0.0007567165803067552	0.008134634666509287
0.000756612189395652	0.008104340144004523
0.0007437672232463361	0.008077617612136385
0.0007353015061313247	0.008045882483163775
0.0007336717772038602	0.008015201952105321
0.0007363474274881896	0.007980645154363525
0.0007433285925521451	0.007938761527078545
0.0007527662161683037	0.007907840019127662
0.0007526631258496224	0.007895653494216308
0.000742860639132023	0.007889937515491217
0.0007367250846595724	0.007894665997147582
0.0007403689617578098	0.007895207912767255
0.0007582893244366176	0.007884496164944473
0.0007755924864086426	0.007879138782247186
0.0007727863391109132	0.007876734084673903
0.0007592040573445013	0.0078827373880988
0.0007518397082146341	0.007890452235000634
0.0007536739688736833	0.007885070825003046
0.0007664692997991721	0.007884671920890339
0.0007883179336910486	0.007896379704761177
0.0008086987051120374	0.007920278177339653
0.0008237146181586757	0.007956245771216994
0.0008313325934640007	0.008004133236799788
0.0008256486357541482	0.008063926215791786
0.000816054446336252	0.008113280701234026
0.0008150865174635147	0.008142141614359253
0.0008108825161638365	0.008163696145420517
0.0007913132295281493	0.00818429318721662
0.0007710594946634937	0.00820557970965577
0.000759268635476943	0.008226584572916508
0.0007469641480787601	0.008251662414692213
0.0007369989207711645	0.008273016182625163
0.0007374901952291118	0.008282053586193182
0.0007377845699112475	0.008270481642759776
0.0007326088304755836	0.008253145079241445
0.0007267430092852108	0.008235248943991568
